90
38 0

92 0

27 0

29 0

48 0

73 0

77 0

11 0

34 0

66 0

88 0

21 0

32 0

65 0

75 0

82 0

18 0

37 0

57 0

76 0

22 0

62 0

14 0

16 0

31 0

89 0

13 0

42 0

46 0

52 0

53 0

67 0

69 0

79 0

84 0

36 0

40 0

43 0

55 0

56 0

61 0

86 0

90 0

6 0

30 0

64 0

78 0

91 0

59 0

99 0

7 0

15 0

58 0

83 0

3 0

12 0

20 0

28 0

41 0

45 0

63 0

2 512
2547 2532 2533 2534 2535 2536 2537 2538 2539 2540 2541 2542 2543 2544 2545 2546 2531 2548 2549 2550 2551 2552 2553 2554 2555 2556 2557 2558 2559 2560 2516 2501 2502 2503 2504 2505 2506 2507 2508 2509 2510 2511 2512 2513 2514 2515 2517 2518 2519 2520 2521 2522 2523 2524 2525 2526 2527 2528 2529 2530 2500 2172 2157 2158 2159 2160 2161 2162 2163 2164 2165 2166 2167 2168 2169 2170 2171 2156 2173 2174 2175 2176 2177 2178 2179 2180 2181 2182 2183 2184 2185 2186 2187 2141 2126 2127 2128 2129 2130 2131 2132 2133 2134 2135 2136 2137 2138 2139 2140 2188 2142 2143 2144 2145 2146 2147 2148 2149 2150 2151 2152 2153 2154 2155 2235 2220 2221 2222 2223 2224 2225 2226 2227 2228 2229 2230 2231 2232 2233 2234 2219 2236 2237 2238 2239 2240 2241 2242 2243 2244 2245 2246 2247 2248 2249 2204 2189 2190 2191 2192 2193 2194 2195 2196 2197 2198 2199 2200 2201 2202 2203 2125 2205 2206 2207 2208 2209 2210 2211 2212 2213 2214 2215 2216 2217 2218 2049 2050 2051 2052 2053 2054 2055 2056 2057 2058 2059 2060 2061 2062 2063 2110 2095 2096 2097 2098 2099 2100 2101 2102 2103 2104 2105 2106 2107 2108 2109 2094 2111 2112 2113 2114 2115 2116 2117 2118 2119 2120 2121 2122 2123 2124 2079 2064 2065 2066 2067 2068 2069 2070 2071 2072 2073 2074 2075 2076 2077 2078 2250 2080 2081 2082 2083 2084 2085 2086 2087 2088 2089 2090 2091 2092 2093 2422 2407 2408 2409 2410 2411 2412 2413 2414 2415 2416 2417 2418 2419 2420 2421 2406 2423 2424 2425 2426 2427 2428 2429 2430 2431 2432 2433 2434 2435 2436 2437 2391 2376 2377 2378 2379 2380 2381 2382 2383 2384 2385 2386 2387 2388 2389 2390 2438 2392 2393 2394 2395 2396 2397 2398 2399 2400 2401 2402 2403 2404 2405 2485 2470 2471 2472 2473 2474 2475 2476 2477 2478 2479 2480 2481 2482 2483 2484 2469 2486 2487 2488 2489 2490 2491 2492 2493 2494 2495 2496 2497 2498 2499 2454 2439 2440 2441 2442 2443 2444 2445 2446 2447 2448 2449 2450 2451 2452 2453 2375 2455 2456 2457 2458 2459 2460 2461 2462 2463 2464 2465 2466 2467 2468 2297 2282 2283 2284 2285 2286 2287 2288 2289 2290 2291 2292 2293 2294 2295 2296 2281 2298 2299 2300 2301 2302 2303 2304 2305 2306 2307 2308 2309 2310 2311 2312 2266 2251 2252 2253 2254 2255 2256 2257 2258 2259 2260 2261 2262 2263 2264 2265 2313 2267 2268 2269 2270 2271 2272 2273 2274 2275 2276 2277 2278 2279 2280 2360 2345 2346 2347 2348 2349 2350 2351 2352 2353 2354 2355 2356 2357 2358 2359 2344 2361 2362 2363 2364 2365 2366 2367 2368 2369 2370 2371 2372 2373 2374 2329 2314 2315 2316 2317 2318 2319 2320 2321 2322 2323 2324 2325 2326 2327 2328 2330 2331 2332 2333 2334 2335 2336 2337 2338 2339 2340 2341 2342 2343 
81 0

87 0

5 121
5047 5032 5033 5034 5035 5036 5037 5038 5039 5040 5041 5042 5043 5044 5045 5046 5031 5048 5049 5050 5051 5052 5053 5054 5055 5056 5057 5058 5059 5060 5061 5062 5016 5001 5002 5003 5004 5005 5006 5007 5008 5009 5010 5011 5012 5013 5014 5015 5063 5017 5018 5019 5020 5021 5022 5023 5024 5025 5026 5027 5028 5029 5030 5110 5095 5096 5097 5098 5099 5100 5101 5102 5103 5104 5105 5106 5107 5108 5109 5094 5111 5112 5113 5114 5115 5116 5117 5118 5119 5120 5079 5064 5065 5066 5067 5068 5069 5070 5071 5072 5073 5074 5075 5076 5077 5078 5080 5081 5082 5083 5084 5085 5086 5087 5088 5089 5090 5091 5092 5093 5000 
19 0

23 0

26 0

85 0

94 0

44 0

47 0

50 0

72 0

74 0

93 0

25 0

33 0

39 0

8 807
8672 8657 8658 8659 8660 8661 8662 8663 8664 8665 8666 8667 8668 8669 8670 8671 8656 8673 8674 8675 8676 8677 8678 8679 8680 8681 8682 8683 8684 8685 8686 8687 8641 8626 8627 8628 8629 8630 8631 8632 8633 8634 8635 8636 8637 8638 8639 8640 8688 8642 8643 8644 8645 8646 8647 8648 8649 8650 8651 8652 8653 8654 8655 8735 8720 8721 8722 8723 8724 8725 8726 8727 8728 8729 8730 8731 8732 8733 8734 8719 8736 8737 8738 8739 8740 8741 8742 8743 8744 8745 8746 8747 8748 8749 8704 8689 8690 8691 8692 8693 8694 8695 8696 8697 8698 8699 8700 8701 8702 8703 8625 8705 8706 8707 8708 8709 8710 8711 8712 8713 8714 8715 8716 8717 8718 8547 8532 8533 8534 8535 8536 8537 8538 8539 8540 8541 8542 8543 8544 8545 8546 8531 8548 8549 8550 8551 8552 8553 8554 8555 8556 8557 8558 8559 8560 8561 8562 8516 8501 8502 8503 8504 8505 8506 8507 8508 8509 8510 8511 8512 8513 8514 8515 8563 8517 8518 8519 8520 8521 8522 8523 8524 8525 8526 8527 8528 8529 8530 8610 8595 8596 8597 8598 8599 8600 8601 8602 8603 8604 8605 8606 8607 8608 8609 8594 8611 8612 8613 8614 8615 8616 8617 8618 8619 8620 8621 8622 8623 8624 8579 8564 8565 8566 8567 8568 8569 8570 8571 8572 8573 8574 8575 8576 8577 8578 8750 8580 8581 8582 8583 8584 8585 8586 8587 8588 8589 8590 8591 8592 8593 8922 8907 8908 8909 8910 8911 8912 8913 8914 8915 8916 8917 8918 8919 8920 8921 8906 8923 8924 8925 8926 8927 8928 8929 8930 8931 8932 8933 8934 8935 8936 8937 8891 8876 8877 8878 8879 8880 8881 8882 8883 8884 8885 8886 8887 8888 8889 8890 8938 8892 8893 8894 8895 8896 8897 8898 8899 8900 8901 8902 8903 8904 8905 8985 8970 8971 8972 8973 8974 8975 8976 8977 8978 8979 8980 8981 8982 8983 8984 8969 8986 8987 8988 8989 8990 8991 8992 8993 8994 8995 8996 8997 8998 8999 8954 8939 8940 8941 8942 8943 8944 8945 8946 8947 8948 8949 8950 8951 8952 8953 8875 8955 8956 8957 8958 8959 8960 8961 8962 8963 8964 8965 8966 8967 8968 8797 8782 8783 8784 8785 8786 8787 8788 8789 8790 8791 8792 8793 8794 8795 8796 8781 8798 8799 8800 8801 8802 8803 8804 8805 8806 8807 8808 8809 8810 8811 8812 8766 8751 8752 8753 8754 8755 8756 8757 8758 8759 8760 8761 8762 8763 8764 8765 8813 8767 8768 8769 8770 8771 8772 8773 8774 8775 8776 8777 8778 8779 8780 8860 8845 8846 8847 8848 8849 8850 8851 8852 8853 8854 8855 8856 8857 8858 8859 8844 8861 8862 8863 8864 8865 8866 8867 8868 8869 8870 8871 8872 8873 8874 8829 8814 8815 8816 8817 8818 8819 8820 8821 8822 8823 8824 8825 8826 8827 8828 8500 8830 8831 8832 8833 8834 8835 8836 8837 8838 8839 8840 8841 8842 8843 8235 8220 8221 8222 8223 8224 8225 8226 8227 8228 8229 8230 8231 8232 8233 8234 8219 8236 8237 8238 8239 8240 8241 8242 8243 8244 8245 8246 8247 8248 8249 8204 8193 8194 8195 8196 8197 8198 8199 8200 8201 8202 8203 8205 8206 8207 8208 8209 8210 8211 8212 8213 8214 8215 8216 8217 8218 8250 8422 8407 8408 8409 8410 8411 8412 8413 8414 8415 8416 8417 8418 8419 8420 8421 8406 8423 8424 8425 8426 8427 8428 8429 8430 8431 8432 8433 8434 8435 8436 8437 8391 8376 8377 8378 8379 8380 8381 8382 8383 8384 8385 8386 8387 8388 8389 8390 8438 8392 8393 8394 8395 8396 8397 8398 8399 8400 8401 8402 8403 8404 8405 8485 8470 8471 8472 8473 8474 8475 8476 8477 8478 8479 8480 8481 8482 8483 8484 8469 8486 8487 8488 8489 8490 8491 8492 8493 8494 8495 8496 8497 8498 8499 8454 8439 8440 8441 8442 8443 8444 8445 8446 8447 8448 8449 8450 8451 8452 8453 8375 8455 8456 8457 8458 8459 8460 8461 8462 8463 8464 8465 8466 8467 8468 8297 8282 8283 8284 8285 8286 8287 8288 8289 8290 8291 8292 8293 8294 8295 8296 8281 8298 8299 8300 8301 8302 8303 8304 8305 8306 8307 8308 8309 8310 8311 8312 8266 8251 8252 8253 8254 8255 8256 8257 8258 8259 8260 8261 8262 8263 8264 8265 8313 8267 8268 8269 8270 8271 8272 8273 8274 8275 8276 8277 8278 8279 8280 8360 8345 8346 8347 8348 8349 8350 8351 8352 8353 8354 8355 8356 8357 8358 8359 8344 8361 8362 8363 8364 8365 8366 8367 8368 8369 8370 8371 8372 8373 8374 8329 8314 8315 8316 8317 8318 8319 8320 8321 8322 8323 8324 8325 8326 8327 8328 8330 8331 8332 8333 8334 8335 8336 8337 8338 8339 8340 8341 8342 8343 
70 0

71 0

80 0

98 0

54 0

4 903
4672 4657 4658 4659 4660 4661 4662 4663 4664 4665 4666 4667 4668 4669 4670 4671 4656 4673 4674 4675 4676 4677 4678 4679 4680 4681 4682 4683 4684 4685 4686 4687 4641 4626 4627 4628 4629 4630 4631 4632 4633 4634 4635 4636 4637 4638 4639 4640 4688 4642 4643 4644 4645 4646 4647 4648 4649 4650 4651 4652 4653 4654 4655 4735 4720 4721 4722 4723 4724 4725 4726 4727 4728 4729 4730 4731 4732 4733 4734 4719 4736 4737 4738 4739 4740 4741 4742 4743 4744 4745 4746 4747 4748 4749 4704 4689 4690 4691 4692 4693 4694 4695 4696 4697 4698 4699 4700 4701 4702 4703 4625 4705 4706 4707 4708 4709 4710 4711 4712 4713 4714 4715 4716 4717 4718 4547 4532 4533 4534 4535 4536 4537 4538 4539 4540 4541 4542 4543 4544 4545 4546 4531 4548 4549 4550 4551 4552 4553 4554 4555 4556 4557 4558 4559 4560 4561 4562 4516 4501 4502 4503 4504 4505 4506 4507 4508 4509 4510 4511 4512 4513 4514 4515 4563 4517 4518 4519 4520 4521 4522 4523 4524 4525 4526 4527 4528 4529 4530 4610 4595 4596 4597 4598 4599 4600 4601 4602 4603 4604 4605 4606 4607 4608 4609 4594 4611 4612 4613 4614 4615 4616 4617 4618 4619 4620 4621 4622 4623 4624 4579 4564 4565 4566 4567 4568 4569 4570 4571 4572 4573 4574 4575 4576 4577 4578 4750 4580 4581 4582 4583 4584 4585 4586 4587 4588 4589 4590 4591 4592 4593 4922 4907 4908 4909 4910 4911 4912 4913 4914 4915 4916 4917 4918 4919 4920 4921 4906 4923 4924 4925 4926 4927 4928 4929 4930 4931 4932 4933 4934 4935 4936 4937 4891 4876 4877 4878 4879 4880 4881 4882 4883 4884 4885 4886 4887 4888 4889 4890 4938 4892 4893 4894 4895 4896 4897 4898 4899 4900 4901 4902 4903 4904 4905 4985 4970 4971 4972 4973 4974 4975 4976 4977 4978 4979 4980 4981 4982 4983 4984 4969 4986 4987 4988 4989 4990 4991 4992 4993 4994 4995 4996 4997 4998 4999 4954 4939 4940 4941 4942 4943 4944 4945 4946 4947 4948 4949 4950 4951 4952 4953 4875 4955 4956 4957 4958 4959 4960 4961 4962 4963 4964 4965 4966 4967 4968 4797 4782 4783 4784 4785 4786 4787 4788 4789 4790 4791 4792 4793 4794 4795 4796 4781 4798 4799 4800 4801 4802 4803 4804 4805 4806 4807 4808 4809 4810 4811 4812 4766 4751 4752 4753 4754 4755 4756 4757 4758 4759 4760 4761 4762 4763 4764 4765 4813 4767 4768 4769 4770 4771 4772 4773 4774 4775 4776 4777 4778 4779 4780 4860 4845 4846 4847 4848 4849 4850 4851 4852 4853 4854 4855 4856 4857 4858 4859 4844 4861 4862 4863 4864 4865 4866 4867 4868 4869 4870 4871 4872 4873 4874 4829 4814 4815 4816 4817 4818 4819 4820 4821 4822 4823 4824 4825 4826 4827 4828 4500 4830 4831 4832 4833 4834 4835 4836 4837 4838 4839 4840 4841 4842 4843 4172 4157 4158 4159 4160 4161 4162 4163 4164 4165 4166 4167 4168 4169 4170 4171 4156 4173 4174 4175 4176 4177 4178 4179 4180 4181 4182 4183 4184 4185 4186 4187 4141 4126 4127 4128 4129 4130 4131 4132 4133 4134 4135 4136 4137 4138 4139 4140 4188 4142 4143 4144 4145 4146 4147 4148 4149 4150 4151 4152 4153 4154 4155 4235 4220 4221 4222 4223 4224 4225 4226 4227 4228 4229 4230 4231 4232 4233 4234 4219 4236 4237 4238 4239 4240 4241 4242 4243 4244 4245 4246 4247 4248 4249 4204 4189 4190 4191 4192 4193 4194 4195 4196 4197 4198 4199 4200 4201 4202 4203 4125 4205 4206 4207 4208 4209 4210 4211 4212 4213 4214 4215 4216 4217 4218 4110 4097 4098 4099 4100 4101 4102 4103 4104 4105 4106 4107 4108 4109 4111 4112 4113 4114 4115 4116 4117 4118 4119 4120 4121 4122 4123 4124 4250 4422 4407 4408 4409 4410 4411 4412 4413 4414 4415 4416 4417 4418 4419 4420 4421 4406 4423 4424 4425 4426 4427 4428 4429 4430 4431 4432 4433 4434 4435 4436 4437 4391 4376 4377 4378 4379 4380 4381 4382 4383 4384 4385 4386 4387 4388 4389 4390 4438 4392 4393 4394 4395 4396 4397 4398 4399 4400 4401 4402 4403 4404 4405 4485 4470 4471 4472 4473 4474 4475 4476 4477 4478 4479 4480 4481 4482 4483 4484 4469 4486 4487 4488 4489 4490 4491 4492 4493 4494 4495 4496 4497 4498 4499 4454 4439 4440 4441 4442 4443 4444 4445 4446 4447 4448 4449 4450 4451 4452 4453 4375 4455 4456 4457 4458 4459 4460 4461 4462 4463 4464 4465 4466 4467 4468 4297 4282 4283 4284 4285 4286 4287 4288 4289 4290 4291 4292 4293 4294 4295 4296 4281 4298 4299 4300 4301 4302 4303 4304 4305 4306 4307 4308 4309 4310 4311 4312 4266 4251 4252 4253 4254 4255 4256 4257 4258 4259 4260 4261 4262 4263 4264 4265 4313 4267 4268 4269 4270 4271 4272 4273 4274 4275 4276 4277 4278 4279 4280 4360 4345 4346 4347 4348 4349 4350 4351 4352 4353 4354 4355 4356 4357 4358 4359 4344 4361 4362 4363 4364 4365 4366 4367 4368 4369 4370 4371 4372 4373 4374 4329 4314 4315 4316 4317 4318 4319 4320 4321 4322 4323 4324 4325 4326 4327 4328 4330 4331 4332 4333 4334 4335 4336 4337 4338 4339 4340 4341 4342 4343 
68 0

0 195
626 627 628 629 630 631 632 633 634 635 636 637 638 639 640 625 547 532 533 534 535 536 537 538 539 540 541 542 543 544 545 546 531 548 549 550 551 552 553 554 555 556 557 558 559 560 561 562 516 513 514 515 563 517 518 519 520 521 522 523 524 525 526 527 528 529 530 610 595 596 597 598 599 600 601 602 603 604 605 606 607 608 609 594 611 612 613 614 615 616 617 618 619 620 621 622 623 624 579 564 565 566 567 568 569 570 571 572 573 574 575 576 577 578 580 581 582 583 584 585 586 587 588 589 590 591 592 593 2 3 297 282 283 284 285 286 287 288 289 290 291 292 293 294 295 296 281 298 299 300 301 302 303 304 305 306 307 308 309 310 311 312 266 257 258 259 260 261 262 263 264 265 313 267 268 269 270 271 272 273 274 275 276 277 278 279 280 314 315 316 317 318 319 320 0 
1 256
1172 1157 1158 1159 1160 1161 1162 1163 1164 1165 1166 1167 1168 1169 1170 1171 1156 1173 1174 1175 1176 1177 1178 1179 1180 1181 1182 1183 1184 1185 1186 1187 1141 1126 1127 1128 1129 1130 1131 1132 1133 1134 1135 1136 1137 1138 1139 1140 1188 1142 1143 1144 1145 1146 1147 1148 1149 1150 1151 1152 1153 1154 1155 1235 1220 1221 1222 1223 1224 1225 1226 1227 1228 1229 1230 1231 1232 1233 1234 1219 1236 1237 1238 1239 1240 1241 1242 1243 1244 1245 1246 1247 1248 1249 1204 1189 1190 1191 1192 1193 1194 1195 1196 1197 1198 1199 1200 1201 1202 1203 1125 1205 1206 1207 1208 1209 1210 1211 1212 1213 1214 1215 1216 1217 1218 1047 1032 1033 1034 1035 1036 1037 1038 1039 1040 1041 1042 1043 1044 1045 1046 1031 1048 1049 1050 1051 1052 1053 1054 1055 1056 1057 1058 1059 1060 1061 1062 1063 1025 1026 1027 1028 1029 1030 1110 1095 1096 1097 1098 1099 1100 1101 1102 1103 1104 1105 1106 1107 1108 1109 1094 1111 1112 1113 1114 1115 1116 1117 1118 1119 1120 1121 1122 1123 1124 1079 1064 1065 1066 1067 1068 1069 1070 1071 1072 1073 1074 1075 1076 1077 1078 1250 1080 1081 1082 1083 1084 1085 1086 1087 1088 1089 1090 1091 1092 1093 1266 1251 1252 1253 1254 1255 1256 1257 1258 1259 1260 1261 1262 1263 1264 1265 1267 1268 1269 1270 1271 1272 1273 1274 1275 1276 1277 1278 1279 1280 
9 1000
9672 9657 9658 9659 9660 9661 9662 9663 9664 9665 9666 9667 9668 9669 9670 9671 9656 9673 9674 9675 9676 9677 9678 9679 9680 9681 9682 9683 9684 9685 9686 9687 9641 9626 9627 9628 9629 9630 9631 9632 9633 9634 9635 9636 9637 9638 9639 9640 9688 9642 9643 9644 9645 9646 9647 9648 9649 9650 9651 9652 9653 9654 9655 9735 9720 9721 9722 9723 9724 9725 9726 9727 9728 9729 9730 9731 9732 9733 9734 9719 9736 9737 9738 9739 9740 9741 9742 9743 9744 9745 9746 9747 9748 9749 9704 9689 9690 9691 9692 9693 9694 9695 9696 9697 9698 9699 9700 9701 9702 9703 9625 9705 9706 9707 9708 9709 9710 9711 9712 9713 9714 9715 9716 9717 9718 9547 9532 9533 9534 9535 9536 9537 9538 9539 9540 9541 9542 9543 9544 9545 9546 9531 9548 9549 9550 9551 9552 9553 9554 9555 9556 9557 9558 9559 9560 9561 9562 9516 9501 9502 9503 9504 9505 9506 9507 9508 9509 9510 9511 9512 9513 9514 9515 9563 9517 9518 9519 9520 9521 9522 9523 9524 9525 9526 9527 9528 9529 9530 9610 9595 9596 9597 9598 9599 9600 9601 9602 9603 9604 9605 9606 9607 9608 9609 9594 9611 9612 9613 9614 9615 9616 9617 9618 9619 9620 9621 9622 9623 9624 9579 9564 9565 9566 9567 9568 9569 9570 9571 9572 9573 9574 9575 9576 9577 9578 9750 9580 9581 9582 9583 9584 9585 9586 9587 9588 9589 9590 9591 9592 9593 9922 9907 9908 9909 9910 9911 9912 9913 9914 9915 9916 9917 9918 9919 9920 9921 9906 9923 9924 9925 9926 9927 9928 9929 9930 9931 9932 9933 9934 9935 9936 9937 9891 9876 9877 9878 9879 9880 9881 9882 9883 9884 9885 9886 9887 9888 9889 9890 9938 9892 9893 9894 9895 9896 9897 9898 9899 9900 9901 9902 9903 9904 9905 9985 9970 9971 9972 9973 9974 9975 9976 9977 9978 9979 9980 9981 9982 9983 9984 9969 9986 9987 9988 9989 9990 9991 9992 9993 9994 9995 9996 9997 9998 9999 9954 9939 9940 9941 9942 9943 9944 9945 9946 9947 9948 9949 9950 9951 9952 9953 9875 9955 9956 9957 9958 9959 9960 9961 9962 9963 9964 9965 9966 9967 9968 9797 9782 9783 9784 9785 9786 9787 9788 9789 9790 9791 9792 9793 9794 9795 9796 9781 9798 9799 9800 9801 9802 9803 9804 9805 9806 9807 9808 9809 9810 9811 9812 9766 9751 9752 9753 9754 9755 9756 9757 9758 9759 9760 9761 9762 9763 9764 9765 9813 9767 9768 9769 9770 9771 9772 9773 9774 9775 9776 9777 9778 9779 9780 9860 9845 9846 9847 9848 9849 9850 9851 9852 9853 9854 9855 9856 9857 9858 9859 9844 9861 9862 9863 9864 9865 9866 9867 9868 9869 9870 9871 9872 9873 9874 9829 9814 9815 9816 9817 9818 9819 9820 9821 9822 9823 9824 9825 9826 9827 9828 9500 9830 9831 9832 9833 9834 9835 9836 9837 9838 9839 9840 9841 9842 9843 9172 9157 9158 9159 9160 9161 9162 9163 9164 9165 9166 9167 9168 9169 9170 9171 9156 9173 9174 9175 9176 9177 9178 9179 9180 9181 9182 9183 9184 9185 9186 9187 9141 9126 9127 9128 9129 9130 9131 9132 9133 9134 9135 9136 9137 9138 9139 9140 9188 9142 9143 9144 9145 9146 9147 9148 9149 9150 9151 9152 9153 9154 9155 9235 9220 9221 9222 9223 9224 9225 9226 9227 9228 9229 9230 9231 9232 9233 9234 9219 9236 9237 9238 9239 9240 9241 9242 9243 9244 9245 9246 9247 9248 9249 9204 9189 9190 9191 9192 9193 9194 9195 9196 9197 9198 9199 9200 9201 9202 9203 9125 9205 9206 9207 9208 9209 9210 9211 9212 9213 9214 9215 9216 9217 9218 9047 9032 9033 9034 9035 9036 9037 9038 9039 9040 9041 9042 9043 9044 9045 9046 9031 9048 9049 9050 9051 9052 9053 9054 9055 9056 9057 9058 9059 9060 9061 9062 9016 9001 9002 9003 9004 9005 9006 9007 9008 9009 9010 9011 9012 9013 9014 9015 9063 9017 9018 9019 9020 9021 9022 9023 9024 9025 9026 9027 9028 9029 9030 9110 9095 9096 9097 9098 9099 9100 9101 9102 9103 9104 9105 9106 9107 9108 9109 9094 9111 9112 9113 9114 9115 9116 9117 9118 9119 9120 9121 9122 9123 9124 9079 9064 9065 9066 9067 9068 9069 9070 9071 9072 9073 9074 9075 9076 9077 9078 9250 9080 9081 9082 9083 9084 9085 9086 9087 9088 9089 9090 9091 9092 9093 9422 9407 9408 9409 9410 9411 9412 9413 9414 9415 9416 9417 9418 9419 9420 9421 9406 9423 9424 9425 9426 9427 9428 9429 9430 9431 9432 9433 9434 9435 9436 9437 9391 9376 9377 9378 9379 9380 9381 9382 9383 9384 9385 9386 9387 9388 9389 9390 9438 9392 9393 9394 9395 9396 9397 9398 9399 9400 9401 9402 9403 9404 9405 9485 9470 9471 9472 9473 9474 9475 9476 9477 9478 9479 9480 9481 9482 9483 9484 9469 9486 9487 9488 9489 9490 9491 9492 9493 9494 9495 9496 9497 9498 9499 9454 9439 9440 9441 9442 9443 9444 9445 9446 9447 9448 9449 9450 9451 9452 9453 9375 9455 9456 9457 9458 9459 9460 9461 9462 9463 9464 9465 9466 9467 9468 9297 9282 9283 9284 9285 9286 9287 9288 9289 9290 9291 9292 9293 9294 9295 9296 9281 9298 9299 9300 9301 9302 9303 9304 9305 9306 9307 9308 9309 9310 9311 9312 9266 9251 9252 9253 9254 9255 9256 9257 9258 9259 9260 9261 9262 9263 9264 9265 9313 9267 9268 9269 9270 9271 9272 9273 9274 9275 9276 9277 9278 9279 9280 9360 9345 9346 9347 9348 9349 9350 9351 9352 9353 9354 9355 9356 9357 9358 9359 9344 9361 9362 9363 9364 9365 9366 9367 9368 9369 9370 9371 9372 9373 9374 9329 9314 9315 9316 9317 9318 9319 9320 9321 9322 9323 9324 9325 9326 9327 9328 9000 9330 9331 9332 9333 9334 9335 9336 9337 9338 9339 9340 9341 9342 9343 
